   1      "ah-w+aa"    2    2.000819   2.573648   4.139746
   2      "ah-w+ah"    6   11.687740  27.366453  11.236337
   3      "ah-w+eh"    1    1.433263   1.348973   1.263690
   4      "ah-w+uh"    2    4.355875  14.674832   2.048890
   5         "t-aa"    2   16.214098   2.623404  34.308598
   6         "t-ah"   13   18.306934  28.781431 122.232330
   7         "t-ih"    1    4.999378  10.949342  11.727303
   8       "d-eh+k"    4   15.492655  10.491402  37.592880
   9       "d-eh+w"    1    4.353536  18.688065   2.979566
  10           "ae"    1    5.223242   2.367696  39.073368
  11      "eh-d+ah"    1    1.003594   1.882204   2.184033
  12           "sp"  255  1173.370605
  13       "g-ih+n"    1    2.958150   7.216414   2.831739
  14       "uh-m+y"    1    1.008489  12.022351   1.999455
  15      "h-ah+ah"    1    2.089209   2.389246   1.102481
  16      "ae-k+ae"    1    5.029074   5.830870  72.141151
  17      "ae-k+ah"    1    4.673516   2.433271   0.999952
  18       "l-w+aa"    1    3.004031  10.931211   1.003881
  19      "h-ah+th"   10   23.213844  12.017437  16.789648
  20      "k-ae+th"    1    1.247599   3.288735  10.482200
  21         "l+ao"    1    1.001949   0.999916   4.004159
  22       "m-b+uh"    1    1.039595   1.978873   1.000002
  23      "ih-b+eh"    1    2.012298   1.009377   0.999928
  24       "n-uh+w"    1    1.080119   1.290391   1.490382
  25      "aa-t+ah"    2   35.924767  15.219424  11.447141
  26      "ch-ah+m"    1    7.628368   1.060012   1.028440
  27         "l-aa"    6   24.639244  46.804092 122.630608
  28         "l-ah"    4   13.308271  36.541592  25.930420
  29         "l-eh"    4   14.783593  53.981007  44.147717
  30         "l-ih"    2    3.058681   2.763148  35.142754
  31         "l-uh"    2    2.466875   9.382001  27.035458
  32       "g-ae+m"    1    1.001381   1.000855   6.010687
  33       "h-eh+y"    1    3.410282   8.589165   1.000441
  34       "o-b+ah"    3    3.860706   5.707968  17.149847
  35        "th+ah"    3   29.455500  24.074638   9.007990
  36       "o-b+eh"    2    2.266187   7.168953   1.999782
  37        "th+ih"    3   34.437424  17.839495   3.999466
  38       "g-ah+l"    1    1.577909   1.008052   2.850446
  39       "g-ah+m"    2    8.731336   3.369550   2.268240
  40       "g-ah+s"    1    1.016187   1.020263   5.447877
  41       "g-ah+w"    1    2.084365   2.853472   1.004110
  42      "ih-s+ah"    1    3.219241   7.051442   3.980141
  43      "ih-s+eh"    1    3.684312   7.604809   3.124430
  44        "th+uh"    5   29.723515  20.813421   9.761499
  45       "p-uh+n"    2    2.049158   5.286075   7.781750
  46       "p-uh+r"    1    1.102085   4.889219   0.999927
  47       "p-uh+s"    1    1.000000   1.000000   1.000000
  48        "th-aa"    6   48.902878  41.906689 101.541557
  49        "th-ah"    7   24.213785  85.087379 123.249886
  50       "k-ih+y"    3   11.954467  17.923206   7.074509
  51        "th-eh"    1    2.210846  11.799197  21.197880
  52      "th-y+ao"    1    0.999820   0.999820   0.999820
  53        "th-ih"    2   12.298953  13.811746  24.810047
  54        "th-uh"    3    7.955735  36.523067  41.627480
  55      "eh-m+ah"    1    3.084377   6.000910   3.000699
  56         "d+aa"    1   14.902966   7.071959   4.922974
  57         "d+ae"    4   43.973064  19.027510   9.877186
  58         "d+ah"    1    9.572267   8.013320   2.955960
  59         "d+eh"    6   51.070572  45.899746  13.314257
  60         "d+ih"    1    2.066425  11.984408   1.012943
  61      "ah-g+ah"    1    1.956602   1.081468   3.126582
  62      "ah-g+eh"    2    4.169177   2.127863   6.662872
  63      "ah-g+ih"    1    1.993296   1.000445   1.010146
  64      "aa-l+ah"    4   23.019283  15.131633  13.548759
  65      "aa-l+ao"    2   14.379375   7.729670   2.106413
  66       "k-aa+l"    2   13.646890  20.226040   4.032349
  67       "k-aa+w"    1    4.659183   8.804802   1.148705
  68       "g-ao+d"    1    3.706212   2.148208   0.999895
  69         "d-ah"    8   27.378912  80.183777 112.540398
  70         "d-ao"    1    1.934820   1.053534  22.675905
  71         "d-eh"    1    2.084921  17.787039  11.639249
  72         "d-ih"    1    2.973620  12.002832   6.084109
  73       "r-uh+d"    1    0.999928   0.999928   4.792599
  74       "m-ih+n"    1    2.976829   0.999998   1.169863
  75       "m-ih+r"    1    2.990223   7.715224   2.281248
  76      "g-ah+th"    2   10.844337  10.029878   2.039275
  77      "ih-k+aa"    1    5.028258   1.383130   1.000458
  78      "ih-k+ah"    2   12.164832   4.455852   1.999900
  79      "s-th+aa"    1    1.012173   4.073551   3.159760
  80      "s-th+ah"    1    0.999971   4.312437   3.685137
  81       "m-aa+l"    1    1.077904  25.851732   1.272181
  82       "m-aa+n"    1    1.005465  11.694042   0.999970
  83       "k-ah+l"    1    0.999978   0.999978   0.999978
  84       "k-ah+m"    1    1.268715   1.019179   1.002190
  85       "k-ah+n"    1    2.496082   1.482619   1.011770
  86       "k-ah+r"    1    1.033211   1.111418   0.999978
  87       "k-ah+s"    6   14.092844   7.593894   6.002238
  88      "n-ch+ih"    4   22.297340  10.024326  16.875479
  89      "n-ch+uh"    1    7.047102   5.008234   4.003136
  90       "n-eh+d"    1    4.013005  15.981231   7.044400
  91     "th-ah+th"    1    4.983957   1.009807   0.999976
  92       "m-ah+g"    2    6.566754   8.450691   2.712597
  93       "m-ah+h"    1    1.008739   1.000065   1.001590
  94       "m-ah+l"    2   12.075048  11.333560   6.463240
  95       "m-ah+m"    1    1.821386   4.152346   1.070001
  96       "m-ah+n"   11   38.631859  15.906744  15.401155
  97       "m-ah+r"    1    1.226355   1.001539   1.000004
  98       "m-ah+s"    1    3.519915   1.026842   1.000525
  99       "m-ah+t"    1    3.984023   1.001404   1.000607
 100       "m-ah+y"    1    1.003810   0.999824   0.999824
 101       "n-g+ah"    1    1.049853   1.035914   3.207061
 102       "n-g+eh"    1    1.000685   1.000158   1.025950
 103       "n-g+uh"    1    1.300842   2.255769   3.402509
 104      "uh-r+ih"    1    1.021609   0.999905   0.999880
 105      "uh-r+uh"    3    7.791929  13.940444   6.868439
 106         "m+aa"    3    5.285877  10.053752   9.953018
 107         "m+ah"    8   17.156214  33.931156  28.335947
 108         "m+eh"    4    6.302082  14.714464   8.999379
 109         "m+ih"    1    1.001448   8.694870   1.005794
 110     "ah-th+aa"    5   18.527063  16.999121  14.999890
 111     "ah-th+ah"   21  104.899605  76.180481  65.185204
 112      "k-eh+th"    1    1.000026   1.003036   2.498985
 113      "ao-k+eh"    2   16.285692   1.999721   2.033304
 114     "ah-th+ih"    3   15.133389  16.995457   2.999629
 115      "ah-p+ah"    2   14.828555   6.421627   7.250186
 116     "ah-th+th"    3   15.447170   6.999236   7.291048
 117     "ah-th+uh"    2   24.329746   6.776399   2.950983
 118       "p-eh+n"    1    2.982784  25.011555   1.003412
 119       "p-eh+w"    1    2.382035  19.259108   4.772850
 120      "ah-p+uh"    1    9.238154   1.436394   4.636319
 121         "m-aa"    2    2.066834  43.797054  50.368057
 122         "m-ah"    6   19.673784  37.658375  70.759285
 123      "ih-iy+n"    1   24.146425   8.989244  23.929415
 124         "m-uh"    1    0.999973   1.032916   9.857710
 125       "s-ih+h"    1    2.085348   9.816232   1.014092
 126       "s-ih+n"    1    2.001161   1.159542   5.876548
 127       "s-ih+t"    1    3.040801   2.954690   3.959505
 128       "s-ih+y"    2    4.254089  10.971163   4.790934
 129      "ih-t+ih"    1    1.041757   0.999931   2.999898
 130       "r-eh+n"    1    1.518826  16.806011   1.002431
 131      "eh-n+ah"    5   16.342600  13.009786  15.988268
 132      "iy-n+ah"    1    1.000472   1.000772   4.076565
 133      "eh-n+uh"    1    3.829765   3.178277   2.833189
 134       "s-aa+l"    1    5.281042   4.729816   0.999982
 135       "s-aa+r"    2    6.965215  30.308413   4.051104
 136      "ah-h+aa"    1   18.907331   1.000186   1.000785
 137      "ah-h+ah"    9   14.057260  13.008535 189.007309
 138       "s-ae+n"    1    1.008367   2.001122   2.213617
 139       "s-ae+r"    1    1.000170   2.517067   7.545888
 140      "m-ah+th"   11   17.602528  18.508457  20.628626
 141       "s-ah+h"    1    1.773516   1.000209   0.999954
 142       "s-ah+l"    1    4.033353   1.508436   1.008466
 143       "s-ah+m"    9   13.172568  15.764503  23.381308
 144       "s-ah+n"    5   10.301287   9.782948  20.754513
 145       "s-ah+r"    2    6.503102   2.259203   2.518196
 146       "s-ah+w"    1    1.840619   1.021121   1.216867
 147      "ih-l+aa"    3    7.539601   6.960213  10.758604
 148      "ih-l+ah"    2    2.008060   2.585356   7.800177
 149      "ih-l+ih"    3    5.426634  10.688085   5.079554
 150       "w-ih+l"    2    4.398738  16.596979   7.011706
 151      "ah-y+aa"    1    1.001696   7.832067   4.537233
 152      "ah-y+ah"   15   30.729807 143.698151 115.349503
 153      "ah-y+eh"    4    5.847740   4.154153   5.206828
 154      "th-r+ah"    1    4.789536   1.618643   2.463941
 155      "th-r+ih"    2    1.999946   1.999920   1.999920
 156       "w-aa+s"    1    1.145443  15.992410   3.007071
 157       "s-ao+n"    1    1.302783   1.085034   3.775213
 158       "s-ao+y"    1    1.645314   1.121210   7.200256
 159      "ae-m+eh"    2    7.183638   6.768210   4.367635
 160      "ae-m+ih"    1    2.974604   3.016527   1.023363
 161        "ch+ah"    1    0.999990   1.002763  41.999039
 162      "iy-w+ah"    1    1.019124   1.022789   1.261360
 163      "eh-w+ih"    3    5.946167   3.006304   6.017704
 164      "aa-th+r"    2   30.115238   8.709706   4.494445
 165        "ch-ih"    4   14.911643  27.278059  55.246616
 166      "uh-s+th"    1    3.033086   8.889555   1.079780
 167        "ch-uh"    1    3.048816   4.142578   7.986688
 168         "n+aa"    1    1.003353   1.362933   3.891855
 169         "n+ae"    1    0.999972   0.999972   1.838584
 170         "n+ah"    7   13.448220  18.411131  20.305925
 171         "n+eh"    2    1.999908  10.365930   3.839096
 172      "ih-d+ah"    2    2.001493   3.203586   6.621430
 173         "n+ih"    4    4.602271   7.002141   8.205069
 174       "y-aa+n"    2    8.727862  18.312582   2.168172
 175       "y-aa+w"    1    2.304582   4.335752   1.069520
 176       "w-ah+d"    1    1.043470   6.890359   4.146441
 177       "w-ah+g"    2    2.511009  12.984605   2.302986
 178       "w-ah+m"    1    1.024472   1.007582   1.000273
 179       "w-ah+n"    4   12.486335   6.917995   6.046047
 180       "w-ah+s"    2    2.000197   1.999958   1.999917
 181       "w-ah+t"    2    5.062545   4.100315  10.902331
 182       "w-ah+y"    6   10.960527   9.738201   7.901398
 183         "n+uh"    1    1.016205   1.662810   2.773079
 184         "n-aa"    1    1.712270  14.207687  29.012125
 185         "n-ah"   32  105.670189 308.877228 383.226074
 186         "n-ao"    1    1.000463   1.212868  21.740387
 187         "n-eh"    3    9.012608  26.285294  36.647655
 188         "n-uh"    2    2.093984   5.155556  32.793938
 189       "n-y+aa"    1    3.005850   2.968177   5.241457
 190       "w-iy+r"    1   15.995086   2.998573   1.000949
 191       "y-ah+k"    2    2.025671   5.857151  12.115153
 192       "y-ah+l"    1    0.999938   1.000049   0.999947
 193       "y-ah+m"    3    6.098075   4.869047   5.029051
 194       "y-ah+n"    2    4.740737   2.109987   2.000669
 195       "y-ah+t"    1    4.835438   2.133013   8.020808
 196     "th-th+aa"    1    8.476283   2.999413   3.214837
 197     "th-th+ah"    2    8.874611   8.058004   6.800679
 198      "uh-k+ah"    1    5.896467   1.934075   1.000020
 199      "ao-d+ah"    2   11.110415   4.395469   6.095737
 200      "aa-n+ah"    3   14.222141   5.919580  10.990456
 201      "aa-n+ao"    1    6.223956   2.993325   2.995012
 202      "aa-n+eh"    2   15.333205   3.639806   4.181105
 203       "y-ao+y"    1    0.999929   1.004466  12.383673
 204         "uh+d"    1    1.001393   9.640046   1.000143
 205         "uh-n"    6   11.477504  52.182896  70.641808
 206         "w+ah"    8   25.652224  43.873768  24.172388
 207         "w+eh"    3    7.979428   7.214392   5.508259
 208         "w+iy"    1    3.231962   5.032372   1.000215
 209      "eh-eh+l"    2    2.271146   5.651750   8.196255
 210         "w+uh"    1    2.619547   1.463443   1.043558
 211         "w-aa"    2   10.187621  28.437788  58.568745
 212         "w-ah"    8   22.063009  42.566406  91.638313
 213         "w-eh"    2    7.630358  27.526262  28.542130
 214         "w-ih"    1    2.408292  11.985418  13.820657
 215     "ih-th+eh"    1    1.000062  11.969508   2.751279
 216      "w-eh+eh"    3   15.510777  27.675585  12.095790
 217      "k-ah+iy"    1    0.999962   0.999962   0.999962
 218      "ae-n+ch"    1    4.613980   3.484496   1.000396
 219      "k-ah+th"    5   10.600520  21.211193  20.645012
 220      "th-ih+b"    1    1.999564   5.036328   4.939695
 221      "th-ih+k"    2    3.992460   1.999916  14.956292
 222      "th-ih+l"    1    2.999948   1.107284   6.892215
 223      "th-ih+n"    1    2.000927   3.001723   2.996642
 224      "th-ih+s"    1    2.999805   1.924350   1.823696
 225      "th-ih+y"    2    5.190417  10.939919   2.000040
 226      "ao-m+ah"    1    4.831631   2.984355   4.277098
 227         "o+th"    1   13.922101   0.999914   5.986559
 228      "ah-r+ae"    1    1.020174   3.065788   3.966681
 229      "ah-r+ah"   11   22.785194  39.525906  35.686821
 230      "ah-r+ih"    1    1.016459   1.033322   1.000706
 231      "aa-w+ah"    1    1.127926   1.222895   7.644597
 232      "r-ah+iy"    1    0.999938   0.999888   0.999888
 233      "aa-w+eh"    4    9.524792   8.586789  21.281784
 234      "r-ah+th"    1    1.415565   4.724463   2.275370
 235      "th-aa+n"    1    4.818549   5.640331   6.287653
 236          "o+b"    5   37.403839  66.285812  10.864937
 237          "o+h"    1   16.112520   0.999879   1.968114
 238          "o+n"    1   14.661578   1.201990   5.600017
 239         "eh+k"    6   31.125675  14.865202  77.157562
 240         "eh+l"    1    3.026128   0.999985   2.351768
 241         "eh+n"    1    5.366812   4.449513   2.553657
 242         "eh-l"    1    3.252167  10.577321   7.293538
 243      "uh-l+ah"    1    1.016620   0.999992   4.487197
 244      "th-ah+k"    1    1.637865   5.202853   6.162234
 245      "th-ah+l"    2    4.077998   4.029947   2.010093
 246      "th-ah+m"    1    1.175149   2.942849   1.015441
 247      "th-ah+n"   11   19.317053  36.489983  17.190914
 248      "th-ah+r"    6    7.869024  10.060404   8.253035
 249         "g+ae"    1   11.750974   1.002342   4.161240
 250         "g+ah"    4   16.971354  24.483843  16.423269
 251         "g+ao"    1    8.775603   5.084336   1.019604
 252         "g+eh"    3    4.570112  18.494528  18.304979
 253          "sil"   66  110.439194 1173.370605 224.056656
 254       "g-uh+r"    1    2.258824   1.015511   1.214301
 255         "g-eh"    3    7.144422  51.833176  44.570347
 256       "b-ih+n"    5   18.238285  13.586701  18.373774
 257      "ae-w+ah"    1    1.511772   1.003402   1.000023
 258      "ae-w+eh"    1    1.337747   2.040244   1.888884
 259      "ih-n+aa"    1    1.403799   6.545540   4.090847
 260      "ih-n+ah"    4    5.001415  12.330494  16.877550
 261      "ih-n+ih"    1    1.834428   2.989407   2.006228
 262      "w-uh+uh"    1    0.999916   1.866071   7.549127
 263       "d-ih+l"    2    4.118119   2.003851   8.916509
 264       "d-ih+n"    2    5.920784   7.247245   6.724216
 265      "eh-h+eh"    1    0.999938   0.999938   0.999938
 266      "s-ih+th"    1    1.154510   0.999992   3.082946
 267      "uh-d+ah"    2    6.056051   3.060273   5.458878
 268      "uh-d+ao"    1    1.024242   1.998991   2.002512
 269       "b-ae+n"    1    3.531907   1.938918  10.523940
 270      "ah-b+ah"    2    3.123672   5.978163   7.011819
 271       "d-aa+n"    1    1.003188   0.999754   1.005530
 272       "b-ah+l"    2    2.016826   2.008582   2.870036
 273       "b-ah+n"    1    1.014399   1.574524   3.894840
 274      "eh-y+uh"    1    0.999936   0.999936   0.999936
 275       "k-w+ah"    1    1.889936   1.001489   2.854934
 276       "d-ae+k"    1    1.000595   2.531875  22.631348
 277       "d-ae+m"    1    1.001821   1.703521   7.017996
 278       "d-ae+n"    1    1.003792   1.441680   9.520538
 279       "d-ae+w"    1    1.003502   1.806040   6.074633
 280         "p+aa"    3    3.010128  26.864777   7.130467
 281         "p+ae"    3   12.016017  17.324841   6.943034
 282         "p+ah"    9   26.665546  73.323006  36.776936
 283         "p+ao"    2    2.002348  12.853619   9.506415
 284         "p+eh"    2   13.298250  29.863214   9.515010
 285         "p+ih"    1    1.010858  21.753725   3.220237
 286      "n-eh+th"    1    3.943636   2.796799  12.810908
 287         "p+uh"    3    3.994630  15.998148   8.151164
 288      "ah-s+aa"    2    8.939541  11.109721   8.948441
 289      "ah-s+ah"    5   16.810658  38.183640  17.105356
 290      "ah-s+eh"    2    6.931816  20.140804   6.068011
 291      "ah-s+th"    1    3.998831   8.990155   2.918686
 292      "ah-s+uh"    6   20.950573  42.017899  15.136642
 293         "p-ah"    1    4.179367   7.990897  21.284817
 294       "d-ah+h"    2    3.912711   2.000350   1.999904
 295       "d-ah+k"    2    8.597442   6.387260   2.106124
 296       "d-ah+n"    1    1.465565   1.540476   1.018865
 297       "d-ah+r"    1    1.001678   1.008681   1.051174
 298       "d-ah+t"    1    1.289897   1.887243   1.296353
 299      "d-eh+eh"    1    2.996206  16.994991   1.003909
 300       "m-uh+d"    1    0.999911   1.226015   8.918603
 301       "m-uh+g"    1    0.999825   1.016945   5.669021
 302     "aa-th+ih"    2   17.572403   6.617211   2.007890
 303       "h-ih+l"    1    6.186499   3.175216   5.702518
 304       "h-ih+n"    1    1.002504   7.887177   3.192959
 305       "g-eh+n"    2    3.642823   8.873121  20.533800
 306       "g-eh+w"    1    1.551743   7.137520   2.861665
 307      "uh-m+ah"    2    3.967654   7.282015   6.399129
 308         "h+aa"    1    9.407838   5.645953   1.924254
 309         "h+ah"   19  220.270569  85.616768  60.046093
 310         "h+ih"    2    6.253901   2.302131   2.000176
 311      "ah-k+ah"    4   19.078442   6.094462   8.452819
 312      "aa-p+ah"    1    9.975649   1.000018   5.119406
 313      "r-aa+th"    2    5.412829  18.896786   6.464680
 314         "h-aa"    2    2.001477  33.013939  42.405018
 315         "h-ah"    6   14.618242  12.790962  78.481529
 316      "p-ah+th"    1    2.080734   4.854318   1.462246
 317       "ao-d+d"    1    6.412707   1.005948   0.999929
 318       "n-s+aa"    2    8.101331   7.953519   7.998683
 319      "h-ih+iy"    1   19.153193   3.837293   1.000210
 320       "h-ah+b"    1    3.091882   2.430154   6.671568
 321       "h-ah+d"    1    1.081204   5.342820   2.637485
 322       "h-ah+l"    1    1.001233   1.000086   0.999923
 323       "h-ah+n"    2    3.662684   6.124338   2.042725
 324       "h-ah+s"    3    9.436119   4.107000   3.978904
 325       "h-ah+y"    5   14.393671   6.331467  12.781984
 326       "l-ih+s"    1    2.995317   1.003831   1.356917
 327      "r-th+ih"    1   11.980258   2.005664   0.999999
 328         "y+aa"    1    5.782818   0.999992   1.002967
 329         "y+ah"    4   25.014618   5.999547   8.993115
 330      "ao-w+ah"    1    1.000167   5.776560   9.541241
 331       "k-eh+n"    1    1.004797   1.973414   1.782326
 332         "y-aa"    2   14.100715   2.133431  39.470528
 333         "y-ah"   21   44.649731  84.311958 250.595123
 334         "y-eh"    6   11.020046  90.679512  69.961823
 335      "ah-ah+d"    1    1.004724   1.000421   1.887722
 336       "l-aa+w"    2    3.685652  25.069456   2.000561
 337       "j-ah+l"    1    1.002959   1.000096   0.999893
 338       "j-ah+n"    2    2.000619   2.000103   2.000008
 339       "h-ao+m"    1    0.999862   1.000188  12.917264
 340       "s-uh+l"    1    1.845661   6.607147   2.107527
 341       "s-uh+n"    6   13.886806  23.101696   7.918106
 342       "n-ih+d"    2    7.605489   6.089997  10.796804
 343       "n-ih+h"    1    2.828201   2.721914   9.000557
 344       "n-ih+l"    3    9.896990  13.681233  14.747736
 345       "n-ih+n"    2    5.939001   7.156353   3.888607
 346       "ao-n+d"    1    4.174199   1.873046   1.092597
 347      "ah-iy+n"    2   22.905966  35.895805  33.257534
 348       "m-eh+h"    1    2.033595   2.108859   2.856463
 349       "m-eh+r"    1    1.973103   0.999861   0.999868
 350       "j-iy+w"    1   11.806459   3.899374   1.000281
 351       "n-aa+w"    1    4.491526  12.975889   1.000336
 352       "n-aa+y"    1    3.454695   4.609893   5.999240
 353       "l-ah+k"    1    1.000204   2.744388   4.251036
 354       "l-ah+l"    1    1.016891   1.000567   0.999973
 355       "l-ah+n"    2    2.274953   2.646402   2.121308
 356       "l-ah+r"    1    1.118868   1.108621   7.692709
 357       "l-ah+w"    1    2.457476   2.027705   1.002520
 358       "l-ah+y"    3    2.999842   2.999842   5.232099
 359      "j-aa+th"    2    8.766255  12.176291   3.953103
 360      "ah-t+ah"   12   95.495270 134.689468  52.497730
 361       "p-ih+n"    1    2.237834   2.506325   3.266868
 362      "ah-t+ih"    3    6.626060   3.119543  12.950191
 363      "aa-y+ah"    1    8.840859   3.158756   0.999961
 364       "n-ae+l"    1    1.003211   2.503427   7.226616
 365       "n-ae+w"    1    1.163458   2.054160   7.943163
 366       "d-d+ah"    1    1.575036   1.878955   2.128299
 367        "eh+eh"    2   11.093353  36.665771   4.952951
 368        "eh+ih"    1    3.605270   1.055644   1.660750
 369       "p-aa+n"    1    1.006305   9.987980  10.025726
 370       "p-aa+t"    2    2.871126  21.974993   7.541268
 371       "n-ah+k"    2   16.322353  10.147473   2.466704
 372       "n-ah+l"    1    4.737926   1.228594   1.000844
 373       "n-ah+p"    2    3.921285   2.065273   2.005595
 374       "n-ah+s"    1    0.999924   0.999924   0.999924
 375       "n-ah+t"    1    1.299547   3.850761   8.957768
 376       "n-ah+w"    7   23.121315  20.140366  21.345085
 377       "n-ah+y"    2    3.762519   2.271097   2.226349
 378       "l-ao+k"    2    2.007037   4.508028  41.842419
 379       "l-ao+w"    1    8.019461  10.059280  12.328053
 380        "eh-eh"   10   12.028564  54.593636 119.631233
 381       "w-uh+m"    2    2.000043   2.719069   4.720977
 382        "eh-ih"    1    1.001134  13.793383   9.078020
 383       "r-ih+k"    1    1.099854   1.196306   8.012614
 384       "r-ih+s"    1    3.003252   5.975983   1.738362
 385       "r-ih+y"    3   11.913179  19.132162  12.035892
 386       "ae-l+l"    2    6.263413  18.550293   2.042547
 387      "ae-h+ah"    1    0.999979   0.999977   1.000054
 388       "ae-m+b"    1    4.770509   7.188227   1.002023
 389      "iy-r+ah"    1    1.000813   2.398901   1.643810
 390      "eh-r+ih"    1    1.001329   2.637217   1.000188
 391       "p-ae+h"    1    1.030516   2.382887   6.570889
 392       "p-ae+m"    1    1.000000   1.000000   2.020247
 393       "p-ae+n"    1    1.999100   1.080260   7.877402
 394       "ae-n+d"    1    2.921038  19.055799   1.004278
 395       "ae-n+g"    1    5.496334   1.000837   0.999814
 396      "uh-n+ah"    5   10.333715  28.646812  16.897345
 397      "uh-n+ch"    2    8.559257   6.148979   2.789475
 398      "ah-l+aa"    3   12.880754  12.000094  10.981056
 399      "ah-l+ah"    4   20.983318  13.071299  13.069927
 400      "ah-l+eh"    1    2.720686   3.207243   1.276674
 401       "p-ah+b"    1    0.999835   0.999837   1.131167
 402       "p-ah+h"    6   15.876215   8.178925   8.087762
 403       "p-ah+n"    2    5.103734   2.716098   2.000151
 404       "p-ah+t"    2    7.282415   5.228338  10.214120
 405      "ah-l+uh"    2    3.141472   3.822928   4.370642
 406       "y-uh+m"    1    1.001150   1.038881   1.084457
 407       "t-ih+l"    1    2.160229   0.999921   4.353086
 408       "t-ih+n"    1    4.079353   2.149457   4.767634
 409       "t-ih+y"    1    3.048654   7.665082   1.038563
 410       "n-t+aa"    2   12.868988   2.041782   2.016252
 411       "r-ae+k"    1    0.999955   1.002850  24.208279
 412       "r-ae+l"    1    0.999742   1.000392   3.188612
 413       "s-eh+m"    1    4.942243  10.871356   3.096834
 414       "s-eh+n"    2    5.641294   2.373319   3.444391
 415      "s-eh+eh"    2    1.999716   1.999764   9.180327
 416      "th-th+y"    1    1.411173   3.002615   3.495913
 417      "ih-p+ah"    1    0.999941   0.999953   4.000493
 418       "r-ah+m"    2   16.993809   4.661874  11.798814
 419       "r-ah+n"    5   16.965071  12.499787   9.312319
 420       "r-ah+s"    1    1.003611   0.999950   0.999950
 421       "r-ah+t"    1    1.077459   2.289893   1.068584
 422       "r-ah+y"    3    5.372157   3.081907   3.995855
 423       "p-ao+d"    2    6.169756   6.709819   6.274122
 424       "l-l+eh"    2    2.002732   9.082985   3.546266
 425      "ah-d+ah"    1    1.003547   1.107027   2.713951
 426      "ah-d+ih"    2    2.112545   2.870888   2.078418
 427       "t-ah+m"    1    1.011417   1.026588   1.002286
 428      "n-ah+iy"    1    4.322469   6.675542   1.010221
 429      "n-ah+th"    1    2.450764   6.435452  10.041590
 430       "ah-l+w"    1    5.353933   7.001994   1.002063
 431      "uh-w+ah"    6    8.568368  16.190943  32.250210
 432       "ah-m+y"    1    4.568929  16.417356   2.011349
 433      "d-ah+th"    1    3.572956   1.036590   1.031472
 434         "r+aa"    2    8.960752   7.986800  10.294033
 435         "r+ae"    1    2.768306   3.358870  13.783163
 436         "r+ah"    4   34.828106  15.152367  23.649920
 437         "r+eh"    1    5.131526   9.079637   1.560814
 438      "ih-h+ah"    1    1.084132   1.000758   1.000083
 439      "ih-h+ih"    1    0.999929   0.999929   0.999929
 440       "w-eh+l"    3   14.309024   8.955387   7.999077
 441       "w-eh+n"    1    2.733333   0.999977   1.000046
 442       "ah-n+d"    9   37.014194  23.530109  15.172937
 443       "ah-n+g"    1    4.098565   2.869459   1.015178
 444       "ah-n+n"   10   28.851974  28.321724  25.589264
 445       "ah-n+s"    2    6.765875  15.674050   3.929340
 446        "uh+th"    1    1.948771   1.061120   1.474815
 447         "r-ah"    6   20.206390  41.290123  67.844185
 448         "r-ih"    1    3.159684   7.701719  18.239628
 449         "r-uh"    2    2.000073   4.696460  17.992491
 450        "uh-uh"    1    0.999897   1.035776  19.315704
 451       "m-y+ah"    2    5.480421  10.595699   8.016545
 452       "o-h+ao"    1    0.999879   0.999885   1.022174
 453      "ih-y+aa"    2    3.007042   2.007886   8.850822
 454      "ih-y+ah"    6   16.312046  17.074240  11.649814
 455      "ih-y+eh"    3    7.714007   3.839557   9.216599
 456       "y-eh+k"    1    0.999793   1.077121   9.001280
 457       "n-d+ah"    6    8.015450   7.695743  12.192711
 458       "n-d+eh"    1    1.001716   1.020619   1.993539
 459       "n-d+ih"    2    1.999798   2.000557   2.080015
 460       "n-d+uh"    7    7.997312   8.998033  11.965803
 461       "eh-k+w"    1    2.879329   0.999773   1.050305
 462         "j+aa"    2   13.139562  11.715161   4.197400
 463         "j+ah"    3   22.557842  11.021736  14.048783
 464         "j+iy"    1   20.210560   1.000026   0.999863
 465     "ae-th+ih"    1   13.620396  18.062313   1.022581
 466      "ah-m+aa"    1    1.997811   5.814317   2.415013
 467      "ah-m+ah"   26   95.544128 108.739761  95.997215
 468      "aa-r+ah"    2    2.372758   5.699350   6.140679
 469      "ah-m+uh"    3   10.156744  13.134900   8.781079
 470      "aa-r+th"    1    2.019581   1.014032   1.000030
 471       "eh-n+n"    2    5.008217   2.637616   6.217688
 472       "eh-n+y"    1    2.222575   8.999187   2.031133
 473        "o-n+n"    1    1.179810   1.004826   1.002842
 474      "th-uh+n"    5   14.490055  24.620819   8.004301
 475      "ao-y+ah"    2    8.517322  19.638048   7.370985
 476      "th-w+ah"    1    0.999966   0.999966   0.999966
 477      "eh-k+ah"    9   59.940674  43.169189  52.902790
 478      "o-th+ah"    1   10.006433   3.008103   2.996075
 479      "eh-k+uh"    1    2.997953   0.999792   4.020067
 480      "uh-g+ah"    1    1.000058   1.004348   1.242904
 481         "b+ae"    1    2.977499   0.999860   1.000427
 482         "b+ah"    1   11.920874   4.006045   1.000646
 483         "b+ih"    5   19.360897   6.106288   8.481129
 484         "b-ah"    3    9.141099  19.514975  36.428608
 485         "b-eh"    3    6.146343  35.933205  41.786484
 486      "ae-r+ah"    1    1.471119   5.540408   2.920770
 487       "ih-n+d"    5   11.181756  32.944027   8.877131
 488       "ih-n+g"    1    1.004862   3.755277   1.042855
 489       "ih-n+n"    4    6.939671  30.753902  12.203447
 490       "ih-n+t"    2    2.150793  12.175820  12.657166
 491      "ah-th+r"    1    8.812677   6.767189   1.639211
 492      "ah-th+w"    1   18.516352   5.260702   2.219836
 493         "s+ae"    2    9.842356  24.718830   6.421423
 494         "s+ah"   18   79.403236 209.785248  67.906532
 495         "s+ao"    2    8.036707  23.126959   6.535961
 496         "s+eh"    3   13.388822  50.564381  10.018142
 497         "s+ih"    5   23.262684  62.616142  14.698955
 498         "s+uh"    1    3.667694  10.278374   2.929729
 499         "s-aa"    1    7.234084  10.338984  22.392635
 500         "s-ah"    2    2.894850  13.351141  17.745888
 501        "ah+th"    1    2.989877   1.005286   1.008365
 502         "s-eh"    1    3.573119  21.126619  17.170187
 503       "b-uh+r"    1    1.011200   3.852135   1.157493
 504        "ah-iy"    1    0.999860   6.918085  12.831489
 505        "ah-th"    1    1.135836   3.905756   1.019484
 506       "d-uh+k"    1    1.992267   1.009027   5.994656
 507       "d-uh+r"    1    1.869880   1.140343   2.016438
 508       "d-uh+w"    5   11.834739  16.209906  12.320389
 509         "ih+n"    3   13.043765  20.036638  10.964409
 510         "ih+p"    1    5.114545   3.871021  12.116562
 511         "ih-l"    2    2.460826  18.933670  10.301696
 512         "ih-n"    1    1.001877   8.219938   9.960084
 513         "ih-s"    1    3.482114  22.827641   1.001389
 514         "k+aa"    2   10.403762   2.065548   2.000206
 515         "k+ah"   13   66.033333  22.728073  15.438864
 516         "k+eh"    2   10.881301   1.999888   1.999980
 517         "k+ih"    3    7.987041   2.999506   9.041989
 518      "ah-n+aa"    1    2.984454   2.993277   2.025109
 519      "ah-n+ae"    1    3.193252   2.813191   2.077113
 520      "ah-n+ah"    9   26.093792  20.361362  27.881927
 521      "ah-n+ch"    2    5.124382   6.542107   2.002639
 522      "ah-n+ih"    3    7.158443   4.983953   3.048305
 523      "ah-n+uh"    1    1.257292   7.717080   3.033915
 524      "aa-s+ih"    1    4.105811  10.886934   2.004546
 525         "k-ah"   14   35.664440 100.019463 209.672745
 526         "k-eh"    2    2.052633  11.615402  25.696413
 527         "aa+l"    2    8.859644  34.163834   2.344998
 528         "aa+p"    1    1.008244   9.995790   1.000877
 529         "aa+r"    1    1.012515  18.840736   1.127220
 530         "k-uh"    1    3.946750   1.828231  24.179735
 531      "s-ah+th"    3    6.185634   6.776892   7.973140
 532         "ae+m"    1    1.696036   1.080059   5.871121
 533         "ae-n"    1    3.091759  16.118389  11.720189
 534      "ih-r+ih"    1    0.999907   0.999907   0.999907
 535         "ah+m"   10   41.178013  20.191572  19.587404
 536         "ah+n"    1    8.082376   1.005247   1.000044
 537         "ah+p"    1    7.651093   1.001181   0.999935
 538         "ah+r"    1   10.337365   1.545015   1.003694
 539         "ah+s"    1    1.998710   1.000472   0.999842
 540         "ah+t"    6   49.609627  21.009413  57.574368
 541         "ah+w"    1    8.044410   1.004262   1.000008
 542     "eh-th+ah"    1    1.009482   9.785657   3.005970
 543         "ah-k"    4    6.044784  14.385152   5.422627
 544         "ah-l"    3   15.119982  18.592682  13.684079
 545         "ah-m"    1    1.008824   1.012773   1.001071
 546         "ah-n"   11   33.995659  98.157036 106.861588
 547      "eh-l+aa"    2    4.022669  10.839360   7.068981
 548      "eh-l+ah"    2    5.005927   6.593269   8.361821
 549      "eh-l+eh"    1    1.000247   1.002272   1.849708
 550     "eh-th+uh"    1    0.999851   3.947905   1.441752
 551         "iy-n"    2    1.999814   1.999814   2.014052
 552     "uh-th+th"    1    1.222616   7.824902   1.000266
 553       "n-n+ah"   16   23.837044  63.284126  46.808346
 554       "n-n+eh"    1    0.999923   1.009917   1.983937
 555      "m-eh+eh"    4   15.975378  47.724682  15.298739
